100

-65	-31	33	-76	8	69	69	19	-110	-5	44	-132	-52	-100	-3	-18	57	74	5	145	11	-43	-106	32	2	-58	10	-116	65	-127	-210	-182	70	-146	-17	-60	35	64	103	-87	93	45	-65	16	-47	-39	-14	36	-24	26	-62	20	17	3	-137	-5	-113	-38	19	37	20	43	-5	-88	-103	-52	72	29	70	-43	31	57	-11	1	-46	22	53	-141	20	-24	-26	137	111	-17	-53	-133	14	3	-15	78	55	30	90	-70	41	0	11	-103	77	19	
45	106	-36	44	149	-124	-23	14	140	-79	-72	40	83	-32	16	91	-22	-67	83	-64	-9	101	122	1	-68	-49	-36	27	-30	6	22	89	-26	159	-161	52	44	55	116	9	-36	110	-63	-60	44	19	-22	59	38	10	94	54	158	-45	-20	80	83	24	-39	-75	-76	23	40	39	56	69	78	-73	150	140	-7	41	53	-17	-25	-72	-94	65	-81	-26	9	57	99	13	-69	48	50	51	8	53	-7	-42	-54	-47	78	8	73	140	-144	52	
24	-16	-31	96	-9	4	23	-163	109	51	198	21	25	22	118	82	9	55	-52	-75	75	61	-50	38	83	-17	2	244	29	80	-146	-46	18	63	66	102	11	-56	70	0	4	-135	155	97	-87	98	9	-125	-114	-22	17	46	24	172	40	-80	9	-93	-149	-19	-57	-11	-22	28	140	61	-42	-74	107	-116	-93	-45	23	36	-86	-11	75	33	-29	-90	129	-16	25	257	71	118	227	-85	173	182	106	-37	164	-59	86	-70	10	-72	178	-6	
-1	137	106	85	26	-116	-65	60	5	5	4	106	-92	-19	22	153	-133	-121	43	-146	36	-116	-41	-69	-14	-25	-7	-33	-22	6	112	141	-13	78	125	-12	-98	104	-69	58	-102	-105	60	82	-2	10	29	-102	-39	16	74	-70	39	-35	118	229	112	213	112	89	-92	6	-98	171	135	-24	75	134	-111	31	146	-109	89	-69	-46	34	9	-38	-53	76	-24	-56	-38	-123	17	241	-10	20	-63	-39	62	132	0	-24	-8	40	71	-6	58	-23	
1	201	19	-91	-26	-76	72	-42	62	-48	109	-80	67	-19	89	31	61	-13	-100	92	-65	-4	30	15	191	-63	118	-124	138	5	49	112	98	-17	91	72	117	124	37	60	-1	-115	41	37	48	-82	27	-100	-138	10	-26	-12	157	-125	66	-145	117	-15	-48	16	-23	56	7	58	21	-14	164	16	24	70	44	94	24	22	45	-76	57	215	34	-22	74	-7	195	-32	74	98	-52	21	-41	-10	35	107	201	-82	82	148	81	-127	72	8	
187	157	-57	45	76	-56	171	99	172	-24	93	45	-32	133	64	-13	105	45	-19	-46	115	287	12	94	-172	92	221	-24	52	105	-54	-50	-13	10	77	197	16	-60	18	-43	-19	89	2	-24	-48	94	-91	33	78	42	330	77	100	-51	152	170	-56	-94	1	40	-23	181	-52	-33	-1	104	121	-195	-77	195	-46	97	-83	125	10	10	-145	32	25	74	30	-75	-92	135	-94	54	-178	50	36	107	65	88	57	-65	-103	80	2	-116	103	43	
-65	72	71	36	210	-25	39	113	68	65	170	127	-34	-27	-70	29	-39	163	107	-16	-87	57	38	-128	-16	-19	-68	-17	90	128	141	-17	41	-51	-15	167	115	267	139	55	-92	53	-65	56	59	21	94	-15	39	-15	186	201	112	-40	-176	137	-15	-13	-61	-51	64	20	61	33	-113	26	25	119	21	-106	59	61	60	-51	-36	122	-21	-23	29	-84	-28	92	-24	33	37	145	-31	-29	25	186	84	71	-48	-19	112	-35	96	-15	-23	157	
-13	120	44	205	90	144	95	119	24	87	105	71	-23	201	93	-208	52	-36	15	35	-114	3	-62	-31	56	-106	152	14	68	102	-45	-25	-100	-50	85	95	-85	91	235	46	-7	69	-71	19	68	-10	33	-37	-46	-42	184	0	-80	79	77	18	-16	89	159	-73	34	121	138	-27	46	115	5	24	-114	-13	98	-1	15	95	219	11	34	97	138	219	61	21	31	115	4	4	-57	29	-138	-42	-96	-25	155	-130	12	94	-15	-58	-28	-48	
-84	-60	-85	25	98	117	-16	-130	135	-28	57	118	66	58	-35	-23	59	53	207	85	-88	161	108	-9	24	-96	141	68	-10	85	86	182	51	53	-26	42	197	-86	-17	10	15	170	88	115	-121	159	116	48	34	20	148	149	-80	23	-78	9	6	-102	-6	55	93	176	-166	29	-5	67	80	-33	40	35	59	169	46	117	-191	64	98	78	-17	-5	81	-62	149	61	101	93	-84	128	-6	106	-87	-54	148	10	-66	86	34	-25	42	48	
112	86	180	43	-75	-4	-53	57	-39	-34	41	-112	106	-213	42	56	38	-127	142	107	-39	-72	97	117	-52	-37	-28	-103	42	-139	20	152	-101	232	53	58	-57	-138	20	-19	77	99	83	97	41	42	112	-98	-27	103	-76	38	89	55	0	-98	32	90	151	35	-62	-113	0	-44	20	162	72	-93	164	48	81	-126	100	-54	-90	17	-6	165	-7	-66	80	44	49	191	30	-2	46	155	-41	0	-13	-52	20	-69	-95	22	231	-10	97	129	
106	49	-64	246	68	24	-35	72	146	142	-14	78	6	115	-15	35	-82	-19	63	58	71	143	-48	145	-48	175	-42	170	-33	-35	87	101	-79	21	54	74	54	140	67	114	6	243	-43	-13	-93	15	54	-135	83	-45	204	10	117	-16	3	68	-27	63	79	135	-249	-26	-3	125	-7	131	43	-84	38	48	10	191	5	-9	-93	42	59	-163	126	17	112	78	-66	32	91	77	-130	213	-21	32	167	29	23	54	-110	62	200	25	35	-43	
-148	-46	152	36	-30	83	49	38	15	123	38	-42	-6	95	57	69	160	79	102	-48	-29	86	56	9	98	-58	-125	-8	56	156	-24	-87	-61	15	-44	80	103	89	93	-13	163	14	-105	37	75	-8	69	105	123	125	203	21	-38	88	-113	-6	-61	52	204	38	171	80	136	104	49	-14	15	136	43	124	77	111	112	13	187	60	167	-3	61	47	80	3	218	139	238	25	68	140	-33	3	-34	90	47	62	173	76	23	112	-5	41	
31	37	149	-60	39	-145	-80	12	115	91	237	128	-95	-59	41	23	94	27	-112	-29	150	-57	5	38	-46	-130	-45	-29	-77	-1	55	-6	-19	18	144	129	162	9	-38	-16	35	-33	133	38	70	1	201	12	-42	-101	-2	93	143	-102	-15	-27	83	-56	215	50	63	-134	-19	49	86	42	60	49	168	27	237	209	88	89	-22	92	-138	107	-3	-199	119	-72	55	-63	159	-24	30	76	117	-165	91	7	-101	6	31	-45	17	54	10	-58	
-37	109	38	88	86	1	-49	181	114	48	-49	-9	120	55	48	-73	101	90	-61	117	-112	14	160	-31	58	-31	60	-75	20	-82	-33	-27	92	-13	-60	20	33	-20	82	125	167	66	-67	53	183	17	126	89	73	192	87	230	142	111	-129	22	140	-95	-50	17	70	-26	208	-12	157	15	79	56	78	-68	67	-58	-16	156	-38	-243	69	81	64	80	-10	161	33	210	31	47	-140	25	-11	254	-104	-28	143	-59	53	-30	49	63	30	80	
-71	161	54	36	3	11	111	180	2	190	-3	-78	95	-73	1	11	-27	41	-55	127	-151	14	-46	-3	42	-87	117	-18	202	-29	98	-69	-138	51	-121	-11	-35	54	52	91	73	37	-4	-36	106	36	76	-49	-16	87	146	28	105	25	-116	-44	-101	-96	53	-56	9	-8	32	-10	118	70	-3	30	-77	-131	76	-37	47	7	49	-58	54	150	75	-115	-76	34	-22	146	191	55	20	96	-83	168	-22	-15	76	121	66	-4	-41	-45	179	-23	
-48	-31	-117	29	-11	-63	-57	-24	145	-43	73	78	92	-89	98	-24	221	-8	-29	49	77	38	202	78	-56	-138	134	-74	-258	-30	12	-13	-140	102	89	342	156	85	34	-43	108	14	15	75	29	89	58	34	147	112	93	-15	-16	-113	-98	111	-34	84	11	6	155	140	-104	60	-147	39	247	8	-16	143	-1	123	161	118	133	-29	118	65	-185	-162	75	-109	241	37	70	107	116	35	245	184	56	2	91	-25	-70	58	120	24	68	94	
-35	5	19	50	-3	112	16	-27	46	93	17	155	-31	-22	141	79	11	68	-13	-112	142	66	120	38	-64	-90	-123	95	52	46	167	-44	106	39	-19	133	-99	20	72	-65	199	6	38	12	-39	65	-90	90	11	89	137	-1	-27	-56	27	18	-71	0	127	-75	136	50	-107	24	-71	-60	-53	101	159	22	0	92	76	-21	-67	49	-66	80	-41	-128	107	-50	75	42	131	107	95	93	-17	106	39	20	-73	12	63	244	-13	20	76	-95	
87	-56	81	3	60	96	90	36	113	-84	29	66	81	151	-64	-135	165	-78	-147	-114	-21	115	55	53	92	-4	21	124	109	108	32	37	3	-26	145	89	22	26	42	0	49	43	-56	38	-58	28	6	51	-103	91	91	92	-126	205	-13	-16	124	37	-20	-31	239	56	-181	216	67	22	149	-27	89	10	35	15	80	113	-113	-181	145	91	3	19	139	-5	75	26	86	37	-25	179	-75	101	-21	-21	315	80	43	137	-11	108	-9	-110	
-40	-33	59	-48	29	53	5	203	26	-21	43	3	102	25	114	-4	126	-89	114	-7	4	126	-10	102	117	-103	-70	-216	78	57	98	106	-48	73	56	60	-30	-2	-13	-51	95	90	16	40	112	-59	117	76	27	-4	-1	-21	-173	14	144	-61	13	110	32	50	-46	13	31	89	-64	-18	89	68	162	110	-13	4	-184	-31	14	41	17	129	2	-13	-7	70	57	-23	-34	-153	-48	152	57	-123	-68	16	-39	12	-18	47	-65	142	44	-59	
33	-56	-32	-95	157	41	-46	-54	35	141	137	-11	34	-10	109	-88	-36	58	-22	80	-81	-37	1	110	169	-20	126	93	27	122	12	27	8	-55	-86	102	-35	75	136	54	-22	58	-5	41	131	-123	68	4	-10	25	51	-24	-54	67	-34	-71	-49	-89	109	-144	-44	-75	48	-73	-10	80	-131	-106	105	-75	-28	-9	75	-68	115	33	87	59	93	-85	4	-20	-61	19	42	90	-48	-42	92	66	63	-71	9	100	9	-1	-55	62	76	-29	
87	152	121	63	-100	65	119	68	62	2	-5	154	118	146	47	56	157	85	59	87	50	137	-77	37	-43	52	95	122	-10	25	8	-9	-48	-50	44	74	121	24	79	79	65	87	115	-5	-97	32	41	-24	60	-3	184	26	108	-67	51	-17	46	-26	6	11	-22	71	89	140	111	75	55	14	-17	-63	87	79	9	3	61	32	-48	91	122	-22	-36	73	56	102	112	42	17	47	41	-42	12	163	116	-123	41	-6	12	-186	106	-92	
-84	-66	43	47	-1	21	94	187	12	98	-24	75	-144	-84	-50	141	77	8	21	-57	142	-13	-78	68	9	-30	-26	-67	-52	97	102	57	-58	-100	142	-174	-146	24	-10	52	159	-83	139	-134	-123	133	18	117	120	147	23	-69	67	57	129	-39	-10	144	74	64	-11	-49	-30	92	141	48	93	85	-25	127	-71	-29	87	101	8	-101	-21	-25	9	-13	-57	-51	-110	-7	-57	88	159	112	53	-145	-29	-9	81	-5	-7	-21	59	60	-40	-85	
53	-71	-88	-25	23	-97	25	61	-10	98	-77	-72	43	108	11	-156	-16	5	-33	-87	30	166	191	-111	-214	-87	0	-117	-68	-173	3	-104	-79	65	35	100	-78	-184	-99	-97	95	-13	-84	-15	12	-58	0	85	-67	-136	-187	37	48	-1	-71	94	-69	18	-44	-43	-5	-90	-93	-131	-59	19	-104	-126	119	-46	-70	0	87	-116	27	-26	62	-147	18	-8	63	18	-36	-22	3	-220	-49	15	33	-66	31	-23	-78	97	-59	45	114	73	-13	43	
-34	-40	-12	130	73	123	80	-30	97	-1	-76	109	28	108	55	32	58	105	73	72	48	136	32	17	-58	-42	2	34	19	-43	-125	-67	42	38	88	78	-39	-54	-105	-30	16	5	-12	0	-97	-55	-63	112	16	-184	-33	42	9	59	148	98	-27	-48	89	12	-22	131	23	53	-17	-139	-124	-18	11	-112	-87	64	101	-3	19	168	-150	-30	52	2	42	82	69	59	-115	-14	-2	-38	166	101	46	24	-45	28	-24	-110	-135	17	-29	-20	
71	-30	78	20	-15	-6	37	-51	-4	-157	33	51	92	17	54	57	52	-24	-25	-105	206	176	-73	57	25	51	155	46	36	231	6	50	30	80	30	201	34	1	-88	-38	-85	121	147	-28	-83	183	1	129	172	228	124	83	-57	102	142	111	109	57	101	-15	70	104	-175	48	55	64	-20	75	161	107	16	-111	-106	-72	-127	93	36	-50	-77	51	143	64	57	114	-78	25	-6	-99	162	55	-45	16	85	-112	119	-27	-33	-35	162	165	
-61	68	37	24	201	93	60	-45	85	-54	-91	73	17	63	-17	34	12	46	97	-60	110	-24	49	-88	159	70	-66	126	-11	14	40	-54	85	2	-101	-46	-92	-98	106	33	101	-22	118	-70	60	64	6	88	57	66	-30	10	47	146	-110	-8	74	-20	-91	-121	-164	-8	14	71	141	77	41	3	132	-129	8	-180	-78	-90	-31	-55	28	-83	-1	-16	-18	63	-5	142	121	27	55	-54	-35	83	-106	-15	10	-11	159	-106	65	9	45	-38	
-114	-8	49	83	-84	145	-26	2	-79	31	-18	91	-35	188	65	46	-95	191	15	-147	-32	84	-146	-109	143	-72	11	-101	43	58	-48	-3	36	-146	-25	-48	-38	44	-80	19	103	50	-46	94	-8	-8	-2	-78	-39	-16	5	106	44	-44	167	-41	-19	-1	-13	20	-95	145	32	-77	-17	-123	-94	19	-12	-31	3	39	3	-34	-97	6	-4	22	-30	85	101	144	-20	-46	4	-74	-41	6	-114	-112	55	14	-32	-23	-68	-115	-152	23	175	-85	
10	-26	-21	-80	-44	-31	-176	-182	-141	-33	-106	-57	-7	85	80	86	18	-17	-37	-171	107	197	71	15	63	-6	-5	79	-15	35	88	90	-3	135	66	-46	57	-33	-116	-94	-61	-34	-118	83	-84	21	-29	-80	-36	69	9	68	-143	-26	-44	54	58	213	-5	-61	83	12	-59	22	-202	-44	-190	-8	-116	30	-48	-72	122	-30	-36	-13	93	-7	-26	21	54	-59	25	159	47	-3	74	1	142	111	-9	13	96	95	-62	34	25	53	14	22	
53	6	101	40	-111	1	13	-55	39	-131	92	36	-1	-23	-43	3	68	74	-155	-120	-14	90	104	-10	-39	-19	143	111	112	164	221	-2	53	67	86	58	265	-14	-55	-4	18	-91	134	44	-165	106	-68	-29	126	260	-130	-41	126	-54	-27	-34	149	-32	-111	129	229	27	-155	33	26	48	166	41	129	6	54	28	243	264	-57	153	31	48	8	-167	6	41	132	98	82	145	194	78	40	4	-59	-109	144	80	103	-45	141	-85	42	184	
84	-28	-14	122	21	68	-17	-227	35	24	54	67	11	83	-53	34	24	-179	-8	47	81	85	46	-23	-123	162	-3	233	0	72	-41	-89	128	-22	76	-4	177	8	67	-4	-43	-17	-53	23	-47	-82	-36	43	99	-60	49	148	-43	-48	-8	-70	-7	29	28	125	18	-39	62	-35	-25	-143	-175	-225	12	-19	-10	6	-11	173	-4	29	-161	-40	60	17	78	-30	-10	202	43	-42	-94	86	175	159	67	14	-165	-76	-73	47	-97	-6	129	-107	
62	44	-66	-14	61	63	17	-7	149	-199	39	-103	-18	-71	-62	-186	33	-40	-162	104	-32	-49	-31	-82	43	60	-1	-99	-26	55	-8	26	-32	-44	-22	156	-67	-25	84	-42	46	87	47	-21	-49	122	100	122	260	179	-67	93	50	-19	-38	46	44	-70	1	66	-2	94	-45	-11	7	185	52	-202	126	-33	38	-29	-125	31	-32	88	-54	35	3	64	-18	33	32	-5	-38	37	-169	-74	-21	-64	77	33	0	31	-3	4	-58	18	121	181	
37	194	-62	-28	-10	4	31	-63	110	57	53	86	-54	10	-61	2	-11	39	-56	67	40	-19	5	-24	-183	-34	9	-1	37	132	-48	-147	-41	-53	0	147	68	107	-26	99	29	51	-88	-32	-82	134	20	157	115	-53	130	101	116	-103	-131	13	-56	-41	-93	-1	79	54	99	-134	-139	84	40	-149	18	-54	32	16	-39	105	-65	-94	-101	-56	-94	36	20	86	-47	-97	-56	153	-79	-33	39	155	108	81	-64	-63	86	106	4	124	-121	41	
-68	-75	-157	-56	-16	24	-105	1	290	-29	-56	223	183	188	33	-16	91	165	-25	97	20	121	-68	-90	98	208	11	98	53	91	61	-71	118	-60	-69	14	203	57	-26	-21	33	-57	24	-52	50	-69	14	58	217	26	139	64	51	-5	56	-49	112	-69	-85	48	28	17	-72	-8	31	-13	73	-136	58	-21	27	239	-3	81	72	61	-58	112	22	-68	-153	-113	-20	24	-37	-39	24	17	111	45	-13	62	-85	144	-48	8	39	-30	-10	25	
28	86	-16	-55	-25	118	84	291	179	3	-61	121	94	90	-16	104	124	-114	183	67	5	80	-45	126	-16	-8	21	-5	138	-83	40	-77	-12	-41	80	-118	42	23	126	16	24	33	-108	-86	85	-15	4	-14	-28	-81	131	45	33	90	-19	86	32	43	97	138	-180	-10	-1	100	121	-26	234	-47	1	-38	16	46	1	4	17	-114	-18	89	113	-95	-118	5	-25	13	30	-4	26	156	-66	77	-59	129	58	-12	6	128	41	-135	63	-52	
-31	-90	38	17	60	-147	3	133	156	30	8	129	-57	133	102	-87	103	-108	-186	-27	21	49	41	8	40	40	170	142	32	37	49	111	-56	126	70	119	-56	-41	32	37	-35	-16	-68	-86	123	39	124	-63	82	33	164	25	-117	86	134	252	98	219	181	147	63	18	4	-3	69	-64	-177	-111	-54	2	136	-15	-59	-33	11	42	40	133	146	43	-37	-61	-19	110	29	34	26	142	134	-83	-2	6	49	-9	-24	53	89	33	-90	-75	
-127	82	111	66	-25	60	77	107	-69	-100	-57	-98	160	12	25	-113	87	22	118	8	140	8	12	1	45	-21	0	129	126	116	-21	-50	-19	19	-6	-27	4	-64	115	35	-94	136	-149	15	-49	-52	0	-218	-30	-80	148	-74	-25	-62	-8	-5	7	125	75	-191	9	183	42	-102	-17	-33	-27	-7	27	-12	-4	16	-11	-166	-22	-36	-4	-42	-25	-1	-53	48	213	3	109	-95	48	3	-43	7	-81	22	-51	-112	-45	-3	13	-100	144	-80	
-23	-53	-182	-71	9	-59	10	-133	79	-74	-66	18	6	12	131	-32	-88	-106	-17	58	64	41	-9	40	21	-63	33	-1	65	-38	72	131	131	-4	38	9	61	163	3	-125	-138	-14	-88	-117	81	-98	-172	96	-37	39	23	25	-30	-69	95	186	58	10	73	1	-86	189	49	-6	-56	26	-164	20	0	43	-14	-54	63	-46	149	73	-166	-26	10	152	-35	-70	59	-36	-19	37	-61	-138	-50	-56	-7	77	-93	-39	64	-140	-65	24	-74	95	
-130	40	163	-10	32	39	80	230	52	-50	-38	52	48	14	-15	136	129	24	-4	15	27	-32	238	51	208	78	-29	-233	86	-108	49	66	19	59	46	111	88	187	51	-173	116	-6	-94	50	129	30	153	74	208	154	173	110	-29	29	-113	0	133	45	107	81	35	84	91	18	-101	28	122	47	123	30	47	-21	44	124	130	167	85	51	-66	-106	2	91	109	51	87	117	-2	173	-15	146	68	36	-101	-12	-21	32	53	136	182	141	
31	-145	63	79	193	158	70	81	87	-200	53	170	-40	-24	92	-107	28	-117	-106	75	-125	45	-32	13	-22	66	33	-21	-150	-28	124	9	-23	13	156	-6	41	-84	93	-77	147	41	34	6	19	-21	2	118	1	22	-169	-109	-75	195	50	122	62	59	156	14	-70	48	-48	128	-76	99	73	-25	94	52	-75	118	-31	97	36	38	91	12	35	73	-72	5	-21	-122	28	-78	-36	165	-42	-157	-50	-15	-71	38	-136	-23	79	-18	16	37	
-102	29	-12	-26	-84	-72	-60	205	-8	-16	-87	68	-20	36	4	63	20	-138	-6	-116	-31	-2	-97	1	-5	-27	7	-72	-40	4	66	18	-61	59	148	4	-11	7	-62	-114	-37	-86	-7	83	67	94	-11	60	-110	-22	80	-78	41	-40	121	7	98	125	68	109	49	-11	87	29	46	-42	-46	42	-158	64	-7	-17	0	37	74	56	0	81	-83	40	-52	65	7	-84	-120	-33	32	9	-136	1	-40	172	24	-68	16	93	-5	-34	28	58	
-18	-183	-52	30	76	119	126	-1	-11	-34	41	-113	-18	24	156	30	95	154	63	233	122	26	40	133	69	-111	111	-37	20	-91	-104	48	28	19	-91	28	49	51	55	-119	-7	-6	12	78	20	145	54	84	39	159	-22	111	-7	0	-11	48	2	-215	23	24	46	151	-13	43	-40	130	66	191	57	98	146	143	20	-30	54	59	76	-90	-164	132	-21	-63	70	115	-1	35	36	86	-31	-14	-28	-50	74	76	68	-76	48	116	9	-5	
-19	29	22	59	19	45	26	13	-20	5	67	16	-5	112	0	101	65	92	37	-61	91	189	38	35	-25	11	73	84	21	95	100	37	108	81	15	33	80	-14	0	90	105	102	63	6	18	104	3	-84	96	46	86	-131	139	-64	97	-50	68	-93	-11	14	-8	108	15	74	53	57	57	62	109	8	96	59	-90	6	114	135	-139	63	92	-44	-10	97	5	32	36	8	35	20	-184	-5	135	83	-160	-44	-6	1	23	-7	32	-15	
45	60	37	102	-23	86	33	70	72	31	81	83	-38	97	-92	171	172	91	159	45	198	195	19	-64	113	-84	-37	-49	72	53	-79	43	-94	26	-10	81	-14	-85	130	-34	5	138	77	116	-219	203	88	96	231	115	90	147	124	-25	13	-90	46	-107	58	42	35	-34	97	-59	50	164	-24	-36	119	6	-24	82	61	117	-9	96	-6	85	43	68	37	6	-47	258	-39	122	21	11	100	30	42	-55	89	4	52	-11	71	-17	-44	8	
-37	58	116	-13	24	167	49	7	137	8	123	-15	115	-74	-54	41	163	17	-21	114	180	12	41	36	-24	82	115	-49	113	16	-88	-151	-60	-24	130	47	-116	-21	26	-48	97	87	2	30	9	-58	62	-10	79	-8	-62	66	83	-2	-10	61	34	-29	82	162	-186	105	1	104	-36	-2	106	58	175	-43	21	-1	-136	65	-104	161	149	17	32	-101	93	116	-15	4	63	-38	-19	270	116	155	57	-10	141	8	1	-56	92	-61	96	90	
-9	-65	41	-53	24	-51	7	7	222	43	18	206	204	0	64	20	24	132	0	-39	-66	-10	145	54	-22	31	-39	-38	-91	41	120	-170	-166	-198	18	244	28	-31	30	-68	178	26	114	78	101	-63	-96	103	226	186	184	169	127	84	22	-44	-120	21	-31	-83	-9	21	-59	18	-30	111	46	-69	208	107	-75	100	122	-34	152	-23	283	34	-71	-78	74	-5	-21	19	40	17	-9	139	-21	2	192	36	125	131	32	-40	96	145	200	58	
113	-33	-42	33	42	-70	-1	79	50	-52	64	77	-49	52	-42	127	6	189	-180	-142	-11	-84	68	84	182	43	47	82	-15	111	133	92	0	42	-93	2	7	223	-9	43	5	58	43	118	41	178	28	-29	120	168	113	10	98	-127	-37	58	-6	-207	-30	149	86	54	-77	190	18	-18	0	229	-41	131	38	-17	-65	67	-58	161	-8	155	19	-118	150	-82	39	17	-10	247	13	-39	74	-20	23	-45	73	-6	82	-17	-53	103	157	72	
-18	-47	-36	-47	54	4	87	-11	148	-136	-14	127	107	153	-63	84	28	164	112	46	-77	57	-30	-104	177	18	0	-7	129	75	46	32	-33	-5	-34	46	-32	70	54	-21	32	89	136	152	-142	44	-141	-9	135	-84	114	18	0	-10	166	-50	-53	-103	-131	0	36	169	-179	48	-52	38	54	31	-70	55	72	68	-87	29	61	135	-9	124	37	34	27	-59	-19	32	-57	120	-28	72	-75	-80	41	-115	65	95	12	66	67	-83	3	-24	
18	89	-74	67	-39	-13	17	-49	-11	58	61	-24	-65	-71	-62	208	-62	-129	126	117	30	-5	-183	-83	-64	-126	-63	35	189	-58	-91	-128	-49	-105	87	-17	22	5	46	34	-44	-70	-65	90	9	-96	53	36	-5	-131	-95	60	125	-45	-72	-65	-46	-40	-137	69	-28	-130	102	41	-47	46	24	-57	15	9	96	25	-55	97	33	-99	-53	28	69	-54	-3	19	64	124	6	-85	154	30	29	26	79	0	38	-115	103	78	15	24	-175	-35	
-12	-5	-61	146	-214	-69	-46	22	-42	137	45	57	45	15	-63	61	-80	-140	104	14	78	-58	69	-55	-4	-89	-1	22	22	20	22	-25	-122	9	9	-53	-50	-162	-43	-50	36	109	84	33	-108	177	-60	50	137	-32	60	19	-30	54	-67	6	-117	43	74	136	-85	113	-72	42	64	-1	79	-48	-58	-7	83	1	-41	137	13	-27	105	33	-21	75	83	-137	-50	-88	171	19	-189	22	91	-52	-47	-5	60	-55	-58	-85	-174	73	124	-22	
33	95	161	130	58	65	-96	201	-79	-30	-4	11	100	-10	-67	39	44	-12	87	-33	-104	-26	-50	-6	88	-19	175	102	-100	-15	124	29	-53	127	-76	17	-33	-1	157	41	-160	32	120	131	71	81	-12	-74	35	84	71	-137	9	-8	-108	86	127	54	69	-63	-22	28	0	55	71	64	15	41	-134	35	39	6	21	-25	45	178	165	48	16	-110	-88	-32	38	-41	32	77	0	57	-14	15	-54	-79	28	90	21	59	11	-99	-53	-98	
39	40	130	37	94	42	-61	-52	185	-27	15	-46	84	-47	-6	-75	106	15	-64	101	108	92	185	120	119	-26	17	120	50	106	125	-86	36	-12	-46	74	63	-158	-14	11	3	-29	71	-24	118	43	50	152	151	233	54	108	66	167	-134	-99	3	-101	0	52	-17	-58	10	14	141	-7	-7	4	121	13	73	-16	-128	-14	-11	75	36	46	57	-83	-18	12	93	73	176	40	2	-27	-75	-55	-68	62	-12	101	46	-25	-98	-6	101	-37	
-174	14	86	-113	95	26	1	71	176	5	-106	25	179	112	15	-14	198	63	-135	50	48	-4	96	-18	20	85	61	15	-102	-55	-9	1	-79	-84	24	77	97	93	152	179	219	40	-90	-64	131	34	229	29	149	88	148	-23	114	-74	-101	164	115	8	-116	111	81	24	15	-35	5	-14	142	100	91	11	83	-9	99	119	43	-90	106	72	-66	-56	33	111	-15	40	-15	190	54	194	123	201	42	49	93	-15	-12	64	165	139	87	-112	
-99	-90	13	9	90	203	61	-105	294	-49	-93	-28	-54	76	142	-103	68	-58	-23	42	66	-1	177	87	-11	137	-104	243	-65	-19	98	153	114	163	0	-2	-127	-48	6	-43	123	-2	88	32	-99	80	-15	-173	67	-5	-164	-163	-24	-13	135	176	104	78	-54	91	-272	25	-66	71	-7	-31	9	58	-22	-36	-113	133	-95	-52	-93	156	20	-3	-77	-205	-70	78	85	-50	157	17	65	-22	43	117	27	-83	82	58	-39	5	104	-44	-160	-15	
-75	121	-13	133	19	3	4	20	-64	127	58	-6	-176	-17	5	60	45	-9	139	-32	35	-27	-14	34	-31	-128	-55	-63	180	100	41	13	14	107	23	31	-27	-22	-32	54	-25	1	-56	-24	-45	41	103	59	58	86	14	52	-75	43	-30	22	-96	82	105	124	-11	-87	29	88	143	31	-89	123	-27	60	65	-31	3	45	21	42	66	-4	114	64	-57	-48	49	71	153	86	-75	71	11	-123	-131	43	43	69	-10	136	38	110	92	142	
77	104	-46	109	69	-33	-82	-84	31	-81	75	106	-90	53	-104	68	57	55	-160	-42	26	-9	39	-3	61	45	9	213	-20	168	125	99	2	-40	184	140	62	-6	111	55	30	78	-52	-151	50	70	9	-12	-21	136	144	76	-31	80	-17	139	125	69	70	-38	-6	59	13	143	15	135	-23	145	-42	-101	99	169	183	132	21	58	152	-49	90	-11	16	-31	94	118	151	180	43	-46	85	192	-128	22	66	-1	60	-142	-18	-2	15	93	
30	-47	-105	63	55	92	-32	46	1	24	10	66	-31	133	102	41	141	229	72	102	66	72	-58	-17	224	-12	160	-169	-44	-155	-116	-2	-76	-30	-13	80	-97	-78	36	-22	100	-55	126	171	-31	141	136	-13	19	29	5	38	98	46	157	-107	48	-59	62	138	-106	13	-90	110	65	-49	-50	82	-39	34	-43	161	-132	23	69	-43	133	89	-54	-27	-79	-163	-71	-1	-11	40	14	13	83	-160	-26	97	56	167	-113	-62	-52	89	53	-22	
-24	31	-45	42	-54	28	58	-21	89	-71	90	-32	-19	-62	-50	90	154	-4	-4	-39	-78	136	-38	72	-11	93	13	-53	116	79	-61	34	192	119	116	-125	-33	-47	-75	-58	-2	-13	99	105	21	250	-7	-58	112	180	55	-68	-41	-17	69	-2	182	31	136	77	94	147	-51	102	-59	21	-8	-69	-9	130	-22	-16	-85	110	-128	84	-22	10	-117	-36	64	-7	178	21	7	-36	-6	-22	29	25	-81	-85	168	43	97	139	-36	63	10	-2	
-59	-145	-219	-124	46	11	24	-3	78	-85	-116	79	34	56	38	107	145	13	260	75	1	5	14	-43	-176	-104	11	-108	-154	-130	105	-92	-19	-129	-120	234	21	-18	11	14	208	-43	24	73	131	8	2	200	152	-17	-48	59	108	19	-93	-185	-61	-22	-156	57	49	-104	47	67	112	54	106	44	67	59	6	27	-132	-11	163	-9	-3	7	-17	-9	70	71	-45	12	-23	-39	94	-13	-13	3	29	-122	90	89	-16	70	-23	232	30	59	
-11	109	4	-129	71	-12	-5	43	-149	-106	-2	-116	-49	-130	-102	136	59	103	5	126	-47	51	163	90	-48	-20	94	-139	-18	-141	-4	-22	41	-22	-159	-53	-11	13	42	-112	-55	37	-70	-30	127	28	-89	146	-61	151	-157	-68	57	-25	-62	-20	74	-175	-89	-31	-35	-115	130	-107	35	179	39	17	126	58	68	-130	114	-4	111	-17	-5	-70	4	-15	-160	89	21	-68	-27	61	141	-144	-7	-98	-82	6	-162	-80	5	20	-55	10	101	-9	
-7	115	-83	-14	98	-8	-93	-56	-29	-69	-84	226	-21	41	61	-12	-114	6	-21	-29	139	-32	-34	69	130	15	90	50	-37	-59	-35	22	13	84	-11	20	136	50	72	0	-99	-55	-53	46	-14	-185	-40	-97	71	-73	72	98	-82	70	138	14	82	90	-63	131	1	-65	-185	14	-91	-153	74	119	142	76	99	38	62	-65	91	113	130	-24	-5	-47	-24	56	-22	66	-15	-58	27	36	127	116	74	-28	69	-37	111	-77	-102	-8	45	31	
-57	-10	-104	-38	-82	83	-33	111	218	-5	17	103	109	190	44	71	-27	74	-33	43	10	-57	75	-106	41	183	98	102	58	21	45	-14	-36	-109	-21	-27	152	174	-1	-131	45	-46	42	175	29	190	-18	-38	219	144	193	56	18	-7	-68	41	33	-78	24	108	77	168	-145	66	89	140	122	53	-103	46	167	74	91	132	68	179	146	34	-79	-17	80	-54	6	-66	64	186	21	75	9	74	13	-91	176	127	64	54	-88	65	225	-20	
25	-29	-63	129	23	133	-65	-115	184	56	114	95	77	153	177	-61	57	21	72	-59	-3	161	45	-18	70	51	-9	189	-51	-24	158	104	164	36	129	116	121	7	27	136	129	104	-83	68	4	-95	91	-132	-23	25	95	79	59	61	36	79	183	-55	-10	53	27	-51	53	119	41	79	73	146	11	69	-11	304	49	56	-72	84	177	72	83	62	1	-12	109	98	134	-28	-145	-73	-46	93	-79	87	108	2	18	67	65	75	-20	247	
-63	-115	129	-59	151	1	30	-51	41	5	8	73	-11	63	27	-154	37	60	-15	127	-16	54	88	-19	29	127	-61	12	-152	-87	-5	86	40	-96	200	232	29	-26	11	51	202	28	36	48	20	-51	-19	162	17	-111	90	153	106	91	-38	30	-87	47	-206	-79	-63	-90	117	-140	49	111	-101	-133	-21	66	-150	159	-40	56	-5	14	117	-86	2	-23	8	-63	-74	45	16	-25	-90	-1	63	51	69	-45	8	99	-34	-28	106	55	-65	74	
-5	-25	-58	55	31	-150	-10	18	197	21	-88	4	66	102	115	32	-64	-5	-81	2	83	-6	49	41	29	124	37	117	-91	15	-17	88	1	118	-118	-29	182	168	60	5	48	86	-96	-19	29	-9	25	-63	134	1	195	-5	30	-26	46	109	14	-10	102	74	-122	23	98	42	5	-53	108	70	-33	147	63	178	-100	-35	88	48	10	55	24	5	33	-27	115	-103	18	37	-135	-67	53	-37	63	-33	89	-115	76	72	-27	38	58	42	
56	79	67	220	38	225	63	-109	113	-81	64	34	-22	42	34	126	190	38	62	-18	-4	-38	-90	-55	45	36	-115	0	27	27	38	-34	-54	-31	27	-25	74	-9	34	-34	27	-76	106	142	-113	114	122	54	92	190	-77	45	113	206	-16	-37	79	-13	96	23	-2	11	-15	122	16	-12	59	204	-32	50	-14	143	89	240	-67	26	172	-37	4	18	72	-6	-5	74	-38	193	169	15	32	-54	-114	84	257	53	1	98	209	1	-66	47	
40	-71	-21	37	53	90	-19	107	-25	62	175	35	167	-12	145	81	121	-30	78	51	-51	43	0	-74	13	68	-43	-5	-50	-44	44	-94	41	-54	106	147	52	4	249	15	123	95	-64	23	97	-43	82	162	62	-64	123	102	-22	87	-36	-9	-76	-65	-5	-45	-57	30	182	102	95	32	28	-9	90	-7	-2	106	79	10	50	87	99	19	69	-37	17	23	-6	87	12	87	-16	181	75	89	108	-15	79	-61	60	-53	61	91	86	27	
85	96	-238	36	75	-31	-21	3	51	84	-82	41	-137	157	81	-142	41	-6	-29	30	-72	-21	-13	-20	-81	47	50	-73	-132	-14	-14	71	94	163	-52	33	56	75	223	3	116	-2	9	67	-97	24	13	-112	210	47	100	-1	-6	-139	120	-53	58	35	-88	153	-33	15	91	-27	6	140	-84	-146	-55	85	-50	106	-78	105	64	79	-69	-25	105	10	-45	-4	4	115	66	22	-168	92	-60	126	55	-262	90	99	88	55	53	89	-102	94	
14	120	-158	100	-61	-9	-5	80	134	-23	110	143	133	87	48	275	79	302	-26	36	122	93	-25	-71	-38	-23	87	104	87	49	58	-153	-49	83	39	90	166	151	133	51	8	-108	-99	-59	109	63	-1	-56	101	100	39	-48	269	-33	13	66	14	-84	14	100	6	88	25	183	-22	109	154	55	12	-38	138	68	180	33	180	35	-9	42	98	-75	-69	41	91	130	100	256	118	38	21	-61	-49	16	-73	54	3	19	38	8	158	35	
-38	50	109	-41	18	-5	120	-65	-65	-62	-18	10	-123	40	75	43	61	19	91	101	75	127	-128	150	-41	-13	92	-111	82	2	130	-36	39	-16	71	190	198	-55	104	-41	-33	-5	-9	200	5	-196	55	46	-26	-30	11	155	44	14	-41	168	-84	-37	98	-36	-96	-2	93	-82	-54	36	-106	77	38	-7	125	169	128	57	137	50	94	-15	74	-39	-79	-24	-14	25	245	-37	-60	89	-131	40	27	110	18	105	-10	34	59	-131	65	240	
122	48	15	15	38	-43	-27	58	49	25	-120	78	91	36	-31	-90	85	-74	-200	11	6	-58	102	24	85	95	48	105	-21	-13	-29	131	-65	76	45	4	-94	28	-7	136	86	121	75	-19	-84	113	57	-65	20	47	18	61	20	99	117	-101	154	48	48	113	166	-51	-77	143	79	2	-69	14	83	-71	152	-101	-74	33	-64	-118	48	75	29	-1	32	47	114	68	-41	-5	-32	1	38	79	10	37	62	-68	91	29	-76	10	102	18	
29	174	35	57	127	53	-56	-161	-72	-24	70	86	-76	-24	-33	-95	-23	-60	-135	10	-106	18	47	39	19	149	106	53	-29	101	35	26	-3	148	134	-50	176	-74	41	-60	-75	-20	-21	40	-66	42	125	-31	131	-35	-22	-3	-67	65	-93	-21	179	-24	2	75	-134	-94	-21	79	-45	45	-84	-127	42	-84	22	-116	48	241	47	-32	129	-110	13	16	-17	7	-26	81	141	86	49	114	79	71	-100	46	9	-12	-121	-1	66	11	-88	-23	
63	87	3	92	-127	-67	-64	-125	8	7	211	76	26	-137	-8	74	-120	23	64	66	-2	45	-57	-64	112	-105	63	48	-1	85	100	96	0	114	33	73	59	57	170	171	52	-25	61	43	-69	127	54	-139	24	86	128	118	29	-37	18	-82	-117	23	-3	40	153	-29	-36	117	10	9	114	105	-10	15	232	32	118	12	50	109	-13	332	-20	97	-80	-186	-27	116	71	126	34	-39	-4	33	-10	91	121	-49	174	57	-48	-39	11	126	
29	-124	45	12	127	131	145	51	-57	31	-92	28	101	-30	-70	-107	-89	-61	149	234	-91	105	-118	57	-110	-3	22	66	8	-75	72	8	101	135	20	-96	-49	-161	68	190	169	65	169	23	-179	-35	32	-52	117	-92	-74	-88	-33	24	-38	42	-81	41	-5	-32	41	-73	-128	53	3	154	142	-129	85	-151	-42	63	-46	13	-160	-179	-19	-21	120	-76	-91	4	-99	52	73	-101	-157	62	-20	-40	-67	-221	8	111	7	83	27	-98	-167	81	
37	-65	-32	145	-54	9	-58	-174	72	122	-50	-167	73	-62	-85	90	6	3	-11	43	-25	45	120	-94	59	78	-42	48	-101	2	123	69	71	76	12	35	17	-116	-62	78	25	23	-10	-124	-130	113	-23	-27	92	28	-33	31	77	29	120	-142	-30	-16	-36	-3	-139	77	153	64	3	-178	-111	-90	-105	-158	-128	109	62	37	-84	22	49	87	128	-121	-99	98	-12	117	32	-19	-47	-120	105	164	56	49	30	20	-76	-214	-28	26	-68	53	
125	11	40	143	157	163	-7	112	-94	45	71	-28	-34	214	116	143	98	23	108	-155	-79	222	71	25	-162	0	-83	-65	-39	-39	99	38	49	35	34	189	-71	35	9	-63	70	9	-121	74	57	4	-82	32	15	87	168	114	79	-28	38	195	34	79	153	61	15	74	-13	123	-1	-2	-31	-9	14	-6	4	108	146	77	-11	101	48	-266	-47	108	104	31	113	95	53	30	-160	153	18	-88	45	105	-24	54	-134	107	12	55	76	126	
-16	-11	-128	1	1	-56	54	-73	119	-59	0	69	-17	64	23	43	98	49	65	-49	124	27	7	70	-46	-102	294	178	65	65	51	-120	25	55	28	72	15	42	-25	49	80	-17	1	-19	126	77	-129	-67	76	103	38	-66	138	-95	24	103	122	-108	20	251	62	91	-139	0	-29	81	55	8	13	138	81	-113	1	43	165	42	4	109	-21	-17	-8	-67	19	48	-33	-55	-72	-34	-138	-49	-25	40	119	21	-4	93	92	107	60	194	
-80	61	45	-57	-59	-50	81	137	70	-15	-143	66	88	75	143	142	81	-85	231	4	108	-4	123	-6	22	17	64	-17	45	96	171	-70	-58	22	162	23	185	-100	19	-6	85	133	-105	-90	65	-55	125	33	159	9	203	68	-45	-44	-56	-89	41	69	166	-37	-43	70	60	8	18	-36	74	70	49	20	-77	102	23	67	35	68	-35	208	43	-21	45	24	71	123	100	-35	41	243	-31	227	-10	-4	45	-127	-52	-17	-96	-11	306	0	
-32	48	135	9	12	-23	8	54	382	51	-29	16	246	-33	94	3	77	-10	-52	83	-99	-105	210	-25	-33	123	40	17	-13	46	-31	8	-162	-61	10	160	34	66	56	-79	-14	14	5	-115	98	97	-16	16	98	115	-21	96	28	-33	-45	131	-19	10	-83	-89	49	96	14	0	90	35	180	28	-57	34	24	-91	24	-106	26	-49	75	71	27	-83	-27	-4	183	72	15	17	17	59	145	82	74	94	125	10	167	72	50	-146	144	-28	
-46	-6	-38	7	49	43	-35	78	81	119	-1	35	65	-5	-53	-141	64	-83	-56	78	-71	192	56	22	86	-92	166	18	35	26	107	49	-37	90	6	51	-8	35	79	-116	82	103	20	-169	48	29	-37	1	80	169	154	-21	8	28	-46	122	75	3	94	-16	-9	112	-38	19	-59	-13	-59	17	68	24	22	7	40	40	55	-35	139	91	118	115	-17	37	135	-115	-64	-74	-139	17	-85	15	-46	135	67	35	79	141	40	-42	-173	-26	
-134	-18	-67	-35	-29	-159	-26	9	82	84	81	-48	66	-112	-45	78	68	-74	-123	23	32	-7	-69	-44	63	-81	22	-66	230	176	65	-131	-24	-18	-1	-73	18	115	98	-61	-20	-82	25	-60	53	36	44	5	50	38	66	-115	13	13	-6	-100	-25	38	13	-16	30	103	-113	-16	89	-71	91	-47	32	37	56	0	44	69	66	-44	-55	175	21	-170	-44	-78	-22	-61	13	100	116	126	60	42	126	-33	-36	80	115	-72	-109	23	146	-43	
170	32	48	40	30	73	65	4	205	-19	-14	1	-39	14	201	73	27	10	123	60	130	40	90	135	58	-55	-14	85	53	-56	49	42	60	42	-50	110	43	-143	85	2	146	39	147	76	-88	-67	-17	124	137	132	125	122	57	234	58	-51	-45	-123	12	33	-79	-120	-61	-76	48	74	5	27	233	102	-69	117	7	29	-7	222	20	85	85	-152	-42	7	-53	126	-24	63	-18	-21	20	17	80	16	8	-17	-8	46	34	-6	57	40	
-41	72	-140	-212	-101	51	70	39	57	-81	-62	41	100	87	-83	-20	77	162	88	-106	138	121	10	12	-90	-164	-27	138	52	33	-77	-221	16	-70	-9	197	-25	10	-53	-65	-62	19	-41	-43	-9	7	-165	-61	-7	74	142	101	105	-131	-101	-37	-57	13	-97	-8	244	109	21	58	18	120	81	-81	73	80	-20	18	77	-12	45	-52	-106	56	-52	-41	160	-19	155	129	78	-8	-36	3	-67	-44	26	-57	71	31	70	114	36	-73	37	34	
-59	-20	-12	-121	-66	8	-20	-37	-4	-103	15	-46	60	7	101	-18	23	129	-4	-87	131	19	78	-70	63	50	-39	-6	-114	44	-93	-37	3	39	30	81	179	-91	81	-138	117	-40	81	27	-23	104	123	34	13	-15	-47	111	35	-15	106	-164	114	-70	-160	-52	0	-97	26	-119	-95	130	62	84	176	42	8	98	2	-5	109	41	-40	61	-139	-104	-7	24	-93	58	-6	-49	79	-50	-104	13	24	-59	-52	-33	60	-14	17	47	69	7	
-52	-44	159	57	109	12	15	129	218	98	14	113	151	89	-46	-147	113	-24	-4	28	-101	164	115	213	73	82	-24	81	69	132	196	107	48	-40	54	68	8	152	18	82	139	56	-95	50	106	-61	67	79	24	68	151	28	77	1	-35	70	50	81	74	7	-45	-84	2	-31	154	-109	40	2	13	63	50	142	151	52	-16	-127	-67	-3	6	41	63	-44	57	-24	128	196	-42	72	111	168	-151	26	112	43	-63	62	157	39	-12	73	
107	107	133	151	66	-6	-17	-13	42	-88	239	-74	160	25	70	132	138	9	-35	46	-46	179	65	77	-1	62	-23	-28	126	145	251	-33	57	-15	85	141	151	77	-37	18	115	2	44	130	11	33	-5	192	-2	109	134	180	-60	28	39	129	13	115	110	-52	90	23	-93	189	-10	188	34	69	31	36	179	97	-16	59	-95	46	68	85	106	-39	23	-7	220	13	33	124	-65	265	30	-43	-42	146	-105	133	103	115	16	91	47	35	
-50	73	80	-217	97	-48	144	94	210	51	6	47	-51	33	162	163	-25	-85	226	-22	-25	95	-32	-88	58	-4	-132	-205	2	-27	-55	34	-15	38	-71	40	-84	46	68	-103	115	75	63	51	82	-5	39	135	187	53	50	88	154	69	61	18	14	-71	110	1	-203	-40	107	-100	-12	30	31	16	262	24	-93	-22	10	20	108	63	-126	165	-149	2	50	25	-178	23	-7	33	-62	44	-45	-79	152	86	-43	-57	8	-31	175	-20	0	68	
81	-23	47	-17	-42	-146	30	34	153	43	-35	146	-96	-8	20	39	-76	-66	143	-15	107	90	23	73	-10	-118	-74	28	18	-66	42	-108	-31	5	81	92	-51	-64	-39	-36	-17	30	120	-31	21	10	97	80	-48	-11	33	73	-34	76	-66	24	-35	-28	13	6	-143	-124	53	183	145	55	-62	70	-23	-74	55	5	37	-109	11	39	-32	75	126	-27	40	72	-88	12	91	61	38	96	-102	33	22	17	142	11	38	-61	45	37	-153	-55	
34	-43	5	-186	-135	-94	67	23	186	-57	-24	-128	178	-56	-49	52	-100	99	44	60	-47	-36	-4	-32	88	80	13	68	80	-6	-212	24	-75	9	60	34	71	-44	9	-60	-55	-44	15	181	13	46	84	-54	17	16	57	170	-59	98	-44	-12	-104	-91	-38	98	48	90	39	-27	-116	-13	-60	-167	85	-108	26	-7	-17	78	15	18	139	-15	31	-179	-41	-133	-18	213	131	50	79	72	-11	135	50	-66	75	59	40	-2	59	-86	101	48	
-14	-19	-24	39	-39	58	-9	78	20	0	69	158	144	-23	100	47	135	15	119	28	-35	66	-32	-7	-204	-46	-30	-135	-83	-49	46	-6	40	-37	-47	41	65	135	201	50	9	-6	99	22	-1	-2	-79	27	53	20	-30	-94	-11	4	123	3	-45	-63	-47	0	27	142	84	25	-25	108	53	64	137	10	51	57	98	67	171	62	48	-147	-47	16	-83	-3	3	31	-151	6	66	67	44	78	-119	-60	-101	47	-50	83	56	23	32	-92	
-37	-45	46	3	-8	-69	28	94	136	60	-16	-49	243	47	-14	-180	104	0	-25	-33	94	-8	-17	23	6	-47	98	80	47	18	-104	-47	-136	-8	125	185	-24	-63	112	105	90	123	84	-82	-41	36	192	-166	86	13	122	2	101	-38	5	-59	45	160	64	-33	26	130	-48	-32	43	-59	80	-182	55	-119	-40	114	-58	52	-57	-155	7	113	24	-194	135	-22	88	-29	-114	11	-102	140	56	9	127	54	64	-4	-1	55	47	-27	29	-78	
17	15	28	130	54	78	79	83	107	115	8	45	66	72	67	42	9	119	4	-72	86	128	0	-1	-17	50	147	54	88	171	7	-21	-133	-80	74	180	-44	-112	-18	104	93	23	-19	55	-48	-21	93	72	160	67	168	6	159	60	82	50	-21	-38	-3	-106	-19	36	-18	133	60	63	18	8	15	11	-106	95	8	-32	30	13	61	24	20	-14	140	17	-118	84	16	119	8	47	20	77	68	44	87	52	-5	31	-44	8	170	23	
56	-28	104	197	-119	-31	52	47	-44	69	55	84	-26	70	-6	7	-22	-179	55	-75	63	93	97	-87	71	-37	80	135	12	0	60	-4	-64	46	15	-53	-97	-7	-45	163	78	14	-1	102	-108	67	-53	-27	-157	-100	41	88	31	-23	-10	-98	33	93	159	130	22	-18	64	-46	24	-21	-77	8	-34	-26	-15	-71	83	69	-7	111	206	155	99	-5	11	-26	-55	154	20	29	-81	77	73	147	46	47	115	-15	52	-108	-22	-96	132	127	
133	143	41	-11	-92	-110	-32	-19	103	-105	-108	80	-79	-18	26	56	-96	-75	-73	-62	57	-36	-1	48	44	-39	-38	37	20	-29	-29	55	147	207	69	-109	31	-42	-68	62	-103	55	-67	-10	-74	-45	-28	-124	-135	43	2	64	7	-14	-69	-32	41	-5	-22	51	-116	109	93	115	165	-155	34	116	5	27	55	-104	-87	-40	-165	43	-104	107	137	71	65	134	151	49	164	136	14	32	-102	-83	77	17	150	-181	-7	-29	8	-202	168	-18	
205	-117	-12	47	139	6	109	-10	125	87	-50	32	54	113	26	179	61	2	24	-87	139	74	-81	88	65	168	-4	302	-3	15	120	125	25	-89	187	-20	-29	73	-3	90	-4	25	-86	-82	-54	55	-62	-141	111	41	165	-107	22	-23	102	193	113	1	64	68	-31	-45	-134	271	15	-69	14	4	-70	37	-91	50	-44	-121	-124	-59	26	-115	156	-95	103	-156	51	134	-101	117	20	27	152	132	216	102	183	51	39	11	113	-47	81	12	
18	29	-31	-99	-17	-109	68	28	135	26	-49	5	14	72	116	183	-86	16	88	-27	-6	-30	4	-78	97	-62	24	-103	78	241	40	-4	-78	71	-95	82	83	-43	-5	-43	65	-16	-73	-18	17	212	140	55	122	-46	148	163	14	22	9	-132	-109	-4	16	2	64	1	37	55	75	-63	44	0	3	63	-5	-10	-208	-26	-63	-51	-90	151	-153	-19	71	-71	-48	29	88	-86	69	21	134	11	91	80	48	-100	137	112	-69	38	213	155	
56	3	-120	104	88	-52	1	-93	115	-30	-85	153	48	40	173	104	-61	80	61	-106	182	86	6	46	-98	49	100	223	-20	9	20	-39	34	-42	95	116	81	-3	-21	53	-60	-41	-30	56	34	49	93	-31	195	86	-55	145	114	-13	-31	-38	147	23	-42	15	99	-141	-52	147	-65	167	44	-64	104	97	72	93	51	-94	67	-1	36	-47	0	-76	80	-89	-18	183	-19	66	56	61	64	-16	55	-11	3	83	24	144	28	73	131	49	
23	9	43	46	-46	-4	-8	67	-73	61	114	-36	37	43	-26	6	39	-18	-28	-8	-122	-12	37	-33	-36	-4	4	81	43	141	55	-75	-143	99	-192	-36	104	61	32	2	33	-21	-34	33	-18	64	-5	25	51	41	33	47	156	-65	-100	-141	-58	-11	74	-3	106	-111	-47	-22	-10	6	-39	-33	33	51	45	-24	37	58	137	46	-69	219	-20	42	-14	-46	-8	74	8	-98	21	25	58	11	-6	23	-31	-98	-1	-6	7	-29	95	92	
37	-11	-17	38	135	94	42	77	-75	34	15	99	-139	-20	-82	61	92	101	15	-54	-44	-19	-150	71	-20	-67	87	-56	17	8	8	-26	60	37	-21	-103	-106	-13	-48	46	56	105	40	55	103	2	77	94	-48	4	178	-29	-125	39	-97	154	-54	-42	74	26	100	44	-95	123	-39	-43	-5	39	-97	151	21	-115	-185	17	-184	43	-79	83	82	34	40	-39	-41	51	53	-10	-23	-5	37	40	-44	-31	99	-110	6	134	-37	34	44	23	
-62	84	-152	-127	-82	-66	144	-12	60	-116	19	7	27	103	-1	19	-6	52	-107	149	-48	7	-100	-151	-146	-45	135	-87	-25	35	-96	0	63	8	-59	-58	139	51	30	-31	-31	12	-88	-54	-25	121	-3	51	66	-83	-91	40	-32	-233	74	202	-2	-18	-1	40	49	135	-20	-93	-159	-6	58	-134	-28	17	137	59	-32	20	98	-61	-87	134	-141	156	-89	-47	-9	-76	-1	-87	-162	-17	91	46	107	44	-34	-71	81	33	-91	-30	12	62	
222	-42	134	65	-115	-71	66	-129	-9	-130	175	79	54	67	22	23	104	-23	-16	-52	-29	97	-25	37	116	9	-121	-59	38	157	-32	-72	59	77	-26	97	53	75	36	-19	-15	-23	138	85	-111	15	-6	23	-21	2	-42	181	-145	22	67	-44	-30	-35	93	-97	109	82	-49	70	33	37	-52	105	27	17	106	-59	33	-51	103	95	-59	-2	14	175	27	-32	48	163	-37	73	-56	-160	163	-72	9	184	32	-27	103	80	-18	-64	38	133	
2.246778
